AND 9 1 5
AND 10 1 6
AND 11 1 7
AND 12 1 8
AND 13 2 5
AND 14 2 6
AND 15 2 7
AND 16 2 8
AND 17 3 5
AND 18 3 6
AND 19 3 7
AND 20 3 8
AND 21 4 5
AND 22 4 6
AND 23 4 7
AND 24 4 8
NAND 25 10 13
NAND 26 10 25
NAND 27 13 25
NAND 28 26 27
AND 29 10 13
NAND 30 11 14
NAND 31 11 30
NAND 32 14 30
NAND 33 31 32
NAND 34 33 17
NAND 35 33 34
NAND 36 17 34
NAND 37 35 36
AND 38 11 14
AND 39 17 33
OR 40 38 39
NAND 41 37 29
NAND 42 37 41
NAND 43 29 41
NAND 44 42 43
AND 45 37 29
NAND 46 12 15
NAND 47 12 46
NAND 48 15 46
NAND 49 47 48
NAND 50 49 18
NAND 51 49 50
NAND 52 18 50
NAND 53 51 52
AND 54 12 15
AND 55 18 49
OR 56 54 55
NAND 57 53 21
NAND 58 53 57
NAND 59 21 57
NAND 60 58 59
NAND 61 60 45
NAND 62 60 61
NAND 63 45 61
NAND 64 62 63
AND 65 53 21
AND 66 45 60
OR 67 65 66
NAND 68 64 40
NAND 69 64 68
NAND 70 40 68
NAND 71 69 70
AND 72 64 40
NAND 73 16 19
NAND 74 16 73
NAND 75 19 73
NAND 76 74 75
NAND 77 76 22
NAND 78 76 77
NAND 79 22 77
NAND 80 78 79
AND 81 16 19
AND 82 22 76
OR 83 81 82
NAND 84 80 56
NAND 85 80 84
NAND 86 56 84
NAND 87 85 86
NAND 88 87 67
NAND 89 87 88
NAND 90 67 88
NAND 91 89 90
AND 92 80 56
AND 93 67 87
OR 94 92 93
NAND 95 91 72
NAND 96 91 95
NAND 97 72 95
NAND 98 96 97
AND 99 91 72
NAND 100 20 23
NAND 101 20 100
NAND 102 23 100
NAND 103 101 102
NAND 104 103 83
NAND 105 103 104
NAND 106 83 104
NAND 107 105 106
AND 108 20 23
AND 109 83 103
OR 110 108 109
NAND 111 107 94
NAND 112 107 111
NAND 113 94 111
NAND 114 112 113
AND 115 107 94
NAND 116 114 99
NAND 117 114 116
NAND 118 99 116
NAND 119 117 118
AND 120 114 99
NAND 121 24 110
NAND 122 24 121
NAND 123 110 121
NAND 124 122 123
NAND 125 124 115
NAND 126 124 125
NAND 127 115 125
NAND 128 126 127
AND 129 24 110
AND 130 115 124
OR 131 129 130
NAND 132 128 120
NAND 133 128 132
NAND 134 120 132
NAND 135 133 134
AND 136 128 120
NAND 137 131 136
NAND 138 131 137
NAND 139 136 137
NAND 140 138 139
AND 141 131 136
INPUT 1 2 3 4 5 6 7 8
OUTPUT 142 28 44 71 98 119 135 140